255 255 255 255 255 255 255 255 255 255 255 255 255 255 255 255
255 255 255 255 255 255 255 255 255 255 255 255 255 255 255 255
255 255   0   0   0   0   0   0   0   0   0   0   0   0 255 255
255 255   0   0   0   0   0   0   0   0   0   0   0   0 255 255
255 255   0   0   0   0   0   0   0   0   0   0   0   0 255 255
255 255   0   0   0 254 255 255 255 255 255   0   0   0 255 255
255 255   0   0   0   1 254 254 254 254   1   0   0   0 255 255
255 255   0   0   0   1 255   1   1 255   1   0   0   0 255 255
255 255   0   0   0   1 255   1   1 255   1   0   0   0 255 255
255 255   0   0   0   1 254 254 254 254   1   0   0   0 255 255
255 255   0   0   0 190 190 190 190 190 190   0   0   0 255 255
255 255   0   0   0   0   0   0   0   0   0   0   0   0 255 255
255 255   0   0   0   0   0   0   0   0   0   0   0   0 255 255
255 255   0   0   0   0   0   0   0   0   0   0   0   0 255 255
255 255 255 255 255 255 255 255 255 255 255 255 255 255 255 255
255 255 255 255 255 255 255 255 255 255 255 255 255 255 255 255
255 255 255 255 255 255 255 255 255 255 255 255 255 255 255 255
255 255 255 255 255 255 255 255 255 255 255 255 255 255 255 255
255 255   0   0   0   0   0   0   0   0   0   0   0   0 255 255
255 255   0   0   0   0   0   0   0   0   0   0   0   0 255 255
255 255   0   0   0   0   0   0   0   0   0   0   0   0 255 255
255 255   0   0   0 254 255 255 255 255 255   0   0   0 255 255
255 255   0   0   0   1 254 254 254 254   1   0   0   0 255 255
255 255   0   0   0   1 255   1   1 255   1   0   0   0 255 255
255 255   0   0   0   1 255   1   1 255   1   0   0   0 255 255
255 255   0   0   0   1 254 254 254 254   1   0   0   0 255 255
255 255   0   0   0 190 190 190 190 190 190   0   0   0 255 255
255 255   0   0   0   0   0   0   0   0   0   0   0   0 255 255
255 255   0   0   0   0   0   0   0   0   0   0   0   0 255 255
255 255   0   0   0   0   0   0   0   0   0   0   0   0 255 255
255 255 255 255 255 255 255 255 255 255 255 255 255 255 255 255
255 255 255 255 255 255 255 255 255 255 255 255 255 255 255 255
255 255 255 255 255 255 255 255 255 255 255 255 255 255 255 255
255 255 255 255 255 255 255 255 255 255 255 255 255 255 255 255
255 255   0   0   0   0   0   0   0   0   0   0   0   0 255 255
255 255   0   0   0   0   0   0   0   0   0   0   0   0 255 255
255 255   0   0   0   0   0   0   0   0   0   0   0   0 255 255
255 255   0   0   0 254 255 255 255 255 255   0   0   0 255 255
255 255   0   0   0   1 254 254 254 254   1   0   0   0 255 255
255 255   0   0   0   1 255   1   1 255   1   0   0   0 255 255
255 255   0   0   0   1 255   1   1 255   1   0   0   0 255 255
255 255   0   0   0   1 254 254 254 254   1   0   0   0 255 255
255 255   0   0   0 190 190 190 190 190 190   0   0   0 255 255
255 255   0   0   0   0   0   0   0   0   0   0   0   0 255 255
255 255   0   0   0   0   0   0   0   0   0   0   0   0 255 255
255 255   0   0   0   0   0   0   0   0   0   0   0   0 255 255
255 255 255 255 255 255 255 255 255 255 255 255 255 255 255 255
255 255 255 255 255 255 255 255 255 255 255 255 255 255 255 255

255 255 255 255 255 255 255 255 255 255 255 255 255 255 255 255
255 214 153 153 153 153 153 153 153 153 153 153 153 153 214 255
255 153   0   0   0   0   0   0   0   0   0   0   0   0 153 255
255 153   0   0   0   0   0   0   0   0   0   0   0   0 153 255
255 153   0   0  10  51  51  51  51  51  51  10   0   0 153 255
255 153   0   0  51 187  90  90  90  90 177  51   0   0 153 255
255 153   0   0  51 150 124 146 146 124 135  51   0   0 153 255
255 153   0   0  51 150 113  49  34 111 135  51   0   0 153 255
255 153   0   0  51 150 113  48  35 111 135  51   0   0 153 255
255 153   0   0  51 150 125 146 146 124 135  51   0   0 153 255
255 153   0   0  51 184  84  84  84  84 174  51   0   0 153 255
255 153   0   0  10  51  51  51  51  51  51  10   0   0 153 255
255 153   0   0   0   0   0   0   0   0   0   0   0   0 153 255
255 153   0   0   0   0   0   0   0   0   0   0   0   0 153 255
255 214 153 153 153 153 153 153 153 153 153 153 153 153 214 255
255 255 255 255 255 255 255 255 255 255 255 255 255 255 255 255
255 255 255 255 255 255 255 255 255 255 255 255 255 255 255 255
255 214 153 153 153 153 153 153 153 153 153 153 153 153 214 255
255 153   0   0   0   0   0   0   0   0   0   0   0   0 153 255
255 153   0   0   0   0   0   0   0   0   0   0   0   0 153 255
255 153   0   0  10  51  51  51  51  51  51  10   0   0 153 255
255 153   0   0  51 187  90  90  90  90 177  51   0   0 153 255
255 153   0   0  51 150 124 146 146 124 135  51   0   0 153 255
255 153   0   0  51 150 113  49  34 111 135  51   0   0 153 255
255 153   0   0  51 150 113  48  35 111 135  51   0   0 153 255
255 153   0   0  51 150 125 146 146 124 135  51   0   0 153 255
255 153   0   0  51 184  84  84  84  84 174  51   0   0 153 255
255 153   0   0  10  51  51  51  51  51  51  10   0   0 153 255
255 153   0   0   0   0   0   0   0   0   0   0   0   0 153 255
255 153   0   0   0   0   0   0   0   0   0   0   0   0 153 255
255 214 153 153 153 153 153 153 153 153 153 153 153 153 214 255
255 255 255 255 255 255 255 255 255 255 255 255 255 255 255 255
255 255 255 255 255 255 255 255 255 255 255 255 255 255 255 255
255 214 153 153 153 153 153 153 153 153 153 153 153 153 214 255
255 153   0   0   0   0   0   0   0   0   0   0   0   0 153 255
255 153   0   0   0   0   0   0   0   0   0   0   0   0 153 255
255 153   0   0  10  51  51  51  51  51  51  10   0   0 153 255
255 153   0   0  51 187  90  90  90  90 177  51   0   0 153 255
255 153   0   0  51 150 124 146 146 124 135  51   0   0 153 255
255 153   0   0  51 150 113  49  34 111 135  51   0   0 153 255
255 153   0   0  51 150 113  48  35 111 135  51   0   0 153 255
255 153   0   0  51 150 125 146 146 124 135  51   0   0 153 255
255 153   0   0  51 184  84  84  84  84 174  51   0   0 153 255
255 153   0   0  10  51  51  51  51  51  51  10   0   0 153 255
255 153   0   0   0   0   0   0   0   0   0   0   0   0 153 255
255 153   0   0   0   0   0   0   0   0   0   0   0   0 153 255
255 214 153 153 153 153 153 153 153 153 153 153 153 153 214 255
255 255 255 255 255 255 255 255 255 255 255 255 255 255 255 255

255 255 255 255 255 255 255 255 255 255 255 255 255 255 255 255
255 214 153 153 153 153 153 153 153 153 153 153 153 153 214 255
255 153   0   0   0   0   0   0   0   0   0   0   0   0 153 255
255 153   0   0   0   0   0   0   0   0   0   0   0   0 153 255
255 153   0   0  10  51  51  51  51  51  51  10   0   0 153 255
255 153   0   0  51 177 135 135 135 135 174  51   0   0 153 255
255 153   0   0  51  90 124 111 111 124  84  51   0   0 153 255
255 153   0   0  51  90 146  34  35 146  84  51   0   0 153 255
255 153   0   0  51  90 146  49  48 146  84  51   0   0 153 255
255 153   0   0  51  90 124 113 113 125  84  51   0   0 153 255
255 153   0   0  51 187 150 150 150 150 184  51   0   0 153 255
255 153   0   0  10  51  51  51  51  51  51  10   0   0 153 255
255 153   0   0   0   0   0   0   0   0   0   0   0   0 153 255
255 153   0   0   0   0   0   0   0   0   0   0   0   0 153 255
255 214 153 153 153 153 153 153 153 153 153 153 153 153 214 255
255 255 255 255 255 255 255 255 255 255 255 255 255 255 255 255
255 255 255 255 255 255 255 255 255 255 255 255 255 255 255 255
255 214 153 153 153 153 153 153 153 153 153 153 153 153 214 255
255 153   0   0   0   0   0   0   0   0   0   0   0   0 153 255
255 153   0   0   0   0   0   0   0   0   0   0   0   0 153 255
255 153   0   0  10  51  51  51  51  51  51  10   0   0 153 255
255 153   0   0  51 177 135 135 135 135 174  51   0   0 153 255
255 153   0   0  51  90 124 111 111 124  84  51   0   0 153 255
255 153   0   0  51  90 146  34  35 146  84  51   0   0 153 255
255 153   0   0  51  90 146  49  48 146  84  51   0   0 153 255
255 153   0   0  51  90 124 113 113 125  84  51   0   0 153 255
255 153   0   0  51 187 150 150 150 150 184  51   0   0 153 255
255 153   0   0  10  51  51  51  51  51  51  10   0   0 153 255
255 153   0   0   0   0   0   0   0   0   0   0   0   0 153 255
255 153   0   0   0   0   0   0   0   0   0   0   0   0 153 255
255 214 153 153 153 153 153 153 153 153 153 153 153 153 214 255
255 255 255 255 255 255 255 255 255 255 255 255 255 255 255 255
255 255 255 255 255 255 255 255 255 255 255 255 255 255 255 255
255 214 153 153 153 153 153 153 153 153 153 153 153 153 214 255
255 153   0   0   0   0   0   0   0   0   0   0   0   0 153 255
255 153   0   0   0   0   0   0   0   0   0   0   0   0 153 255
255 153   0   0  10  51  51  51  51  51  51  10   0   0 153 255
255 153   0   0  51 177 135 135 135 135 174  51   0   0 153 255
255 153   0   0  51  90 124 111 111 124  84  51   0   0 153 255
255 153   0   0  51  90 146  34  35 146  84  51   0   0 153 255
255 153   0   0  51  90 146  49  48 146  84  51   0   0 153 255
255 153   0   0  51  90 124 113 113 125  84  51   0   0 153 255
255 153   0   0  51 187 150 150 150 150 184  51   0   0 153 255
255 153   0   0  10  51  51  51  51  51  51  10   0   0 153 255
255 153   0   0   0   0   0   0   0   0   0   0   0   0 153 255
255 153   0   0   0   0   0   0   0   0   0   0   0   0 153 255
255 214 153 153 153 153 153 153 153 153 153 153 153 153 214 255
255 255 255 255 255 255 255 255 255 255 255 255 255 255 255 255

255 255 255 255 255 255 255 255 255 255 255 255 255 255 255 255
255 214 153 153 153 153 153 153 153 153 153 153 153 153 214 255
255 153   0   0   0   0   0   0   0   0   0   0   0   0 153 255
255 153   0   0   0   0   0   0   0   0   0   0   0   0 153 255
255 153   0   0  10  51  51  51  51  51  51  10   0   0 153 255
255 153   0   0  51 174  84  84  84  84 184  51   0   0 153 255
255 153   0   0  51 135 124 146 146 125 150  51   0   0 153 255
255 153   0   0  51 135 111  35  48 113 150  51   0   0 153 255
255 153   0   0  51 135 111  34  49 113 150  51   0   0 153 255
255 153   0   0  51 135 124 146 146 124 150  51   0   0 153 255
255 153   0   0  51 177  90  90  90  90 187  51   0   0 153 255
255 153   0   0  10  51  51  51  51  51  51  10   0   0 153 255
255 153   0   0   0   0   0   0   0   0   0   0   0   0 153 255
255 153   0   0   0   0   0   0   0   0   0   0   0   0 153 255
255 214 153 153 153 153 153 153 153 153 153 153 153 153 214 255
255 255 255 255 255 255 255 255 255 255 255 255 255 255 255 255
255 255 255 255 255 255 255 255 255 255 255 255 255 255 255 255
255 214 153 153 153 153 153 153 153 153 153 153 153 153 214 255
255 153   0   0   0   0   0   0   0   0   0   0   0   0 153 255
255 153   0   0   0   0   0   0   0   0   0   0   0   0 153 255
255 153   0   0  10  51  51  51  51  51  51  10   0   0 153 255
255 153   0   0  51 174  84  84  84  84 184  51   0   0 153 255
255 153   0   0  51 135 124 146 146 125 150  51   0   0 153 255
255 153   0   0  51 135 111  35  48 113 150  51   0   0 153 255
255 153   0   0  51 135 111  34  49 113 150  51   0   0 153 255
255 153   0   0  51 135 124 146 146 124 150  51   0   0 153 255
255 153   0   0  51 177  90  90  90  90 187  51   0   0 153 255
255 153   0   0  10  51  51  51  51  51  51  10   0   0 153 255
255 153   0   0   0   0   0   0   0   0   0   0   0   0 153 255
255 153   0   0   0   0   0   0   0   0   0   0   0   0 153 255
255 214 153 153 153 153 153 153 153 153 153 153 153 153 214 255
255 255 255 255 255 255 255 255 255 255 255 255 255 255 255 255
255 255 255 255 255 255 255 255 255 255 255 255 255 255 255 255
255 214 153 153 153 153 153 153 153 153 153 153 153 153 214 255
255 153   0   0   0   0   0   0   0   0   0   0   0   0 153 255
255 153   0   0   0   0   0   0   0   0   0   0   0   0 153 255
255 153   0   0  10  51  51  51  51  51  51  10   0   0 153 255
255 153   0   0  51 174  84  84  84  84 184  51   0   0 153 255
255 153   0   0  51 135 124 146 146 125 150  51   0   0 153 255
255 153   0   0  51 135 111  35  48 113 150  51   0   0 153 255
255 153   0   0  51 135 111  34  49 113 150  51   0   0 153 255
255 153   0   0  51 135 124 146 146 124 150  51   0   0 153 255
255 153   0   0  51 177  90  90  90  90 187  51   0   0 153 255
255 153   0   0  10  51  51  51  51  51  51  10   0   0 153 255
255 153   0   0   0   0   0   0   0   0   0   0   0   0 153 255
255 153   0   0   0   0   0   0   0   0   0   0   0   0 153 255
255 214 153 153 153 153 153 153 153 153 153 153 153 153 214 255
255 255 255 255 255 255 255 255 255 255 255 255 255 255 255 255
